0111111010000001101001011000000110111101100110011000000101111110
0111111011111111110110111111111111000011111001111111111101111110
0110110011111110111111101111111001111100001110000001000000000000
0001000000111000011111001111111001111100001110000001000000000000
0011100001111100001110001111111011111110011111000011100001111100
0001000000010000001110000111110011111110011111000011100001111100
0000000000000000000110000011110000111100000110000000000000000000
1111111111111111111001111100001111000011111001111111111111111111
0000000000111100011001100100001001000010011001100011110000000000
1111111111000011100110011011110110111101100110011100001111111111
0000111100000111000011110111110111001100110011001100110001111000
0011110001100110011001100110011000111100000110000111111000011000
0011111100110011001111110011000000110000011100001111000011100000
0111111101100011011111110110001101100011011001111110011011000000
1001100101011010001111001110011111100111001111000101101010011001
1000000011100000111110001111111011111000111000001000000000000000
0000001000001110001111101111111000111110000011100000001000000000
0001100000111100011111100001100000011000011111100011110000011000
0110011001100110011001100110011001100110000000000110011000000000
0111111111011011110110110111101100011011000110110001101100000000
0011111001100011001110000110110001101100001110001100110001111000
0000000000000000000000000000000001111110011111100111111000000000
0001100000111100011111100001100001111110001111000001100011111111
0001100000111100011111100001100000011000000110000001100000000000
0001100000011000000110000001100001111110001111000001100000000000
0000000000011000000011001111111000001100000110000000000000000000
0000000000110000011000001111111001100000001100000000000000000000
0000000000000000110000001100000011000000111111100000000000000000
0000000000100100011001101111111101100110001001000000000000000000
0000000000011000001111000111111011111111111111110000000000000000
0000000011111111111111110111111000111100000110000000000000000000
0000000000000000000000000000000000000000000000000000000000000000
0011000001111000011110000011000000110000000000000011000000000000
0110110001101100011011000000000000000000000000000000000000000000
0110110001101100111111100110110011111110011011000110110000000000
0011000001111100110000000111100000001100111110000011000000000000
0000000011000110110011000001100000110000011001101100011000000000
0011100001101100001110000111011011011100110011000111011000000000
0110000001100000110000000000000000000000000000000000000000000000
0001100000110000011000000110000001100000001100000001100000000000
0110000000110000000110000001100000011000001100000110000000000000
0000000001100110001111001111111100111100011001100000000000000000
0000000000110000001100001111110000110000001100000000000000000000
0000000000000000000000000000000000000000001100000011000001100000
0000000000000000000000001111110000000000000000000000000000000000
0000000000000000000000000000000000000000001100000011000000000000
0000011000001100000110000011000001100000110000001000000000000000
0111110011000110110011101101111011110110111001100111110000000000
0011000001110000001100000011000000110000001100001111110000000000
0111100011001100000011000011100001100000110011001111110000000000
0111100011001100000011000011100000001100110011000111100000000000
0001110000111100011011001100110011111110000011000001111000000000
1111110011000000111110000000110000001100110011000111100000000000
0011100001100000110000001111100011001100110011000111100000000000
1111110011001100000011000001100000110000001100000011000000000000
0111100011001100110011000111100011001100110011000111100000000000
0111100011001100110011000111110000001100000110000111000000000000
0000000000110000001100000000000000000000001100000011000000000000
0000000000110000001100000000000000000000001100000011000001100000
0001100000110000011000001100000001100000001100000001100000000000
0000000000000000111111000000000000000000111111000000000000000000
0110000000110000000110000000110000011000001100000110000000000000
0111100011001100000011000001100000110000000000000011000000000000
0111110011000110110111101101111011011110110000000111100000000000
0011000001111000110011001100110011111100110011001100110000000000
1111110001100110011001100111110001100110011001101111110000000000
0011110001100110110000001100000011000000011001100011110000000000
1111100001101100011001100110011001100110011011001111100000000000
1111111001100010011010000111100001101000011000101111111000000000
1111111001100010011010000111100001101000011000001111000000000000
0011110001100110110000001100000011001110011001100011111000000000
1100110011001100110011001111110011001100110011001100110000000000
0111100000110000001100000011000000110000001100000111100000000000
0001111000001100000011000000110011001100110011000111100000000000
1110011001100110011011000111100001101100011001101110011000000000
1111000001100000011000000110000001100010011001101111111000000000
1100011011101110111111101111111011010110110001101100011000000000
1100011011100110111101101101111011001110110001101100011000000000
0011100001101100110001101100011011000110011011000011100000000000
1111110001100110011001100111110001100000011000001111000000000000
0111100011001100110011001100110011011100011110000001110000000000
1111110001100110011001100111110001101100011001101110011000000000
0111100011001100111000000111000000011100110011000111100000000000
1111110010110100001100000011000000110000001100000111100000000000
1100110011001100110011001100110011001100110011001111110000000000
1100110011001100110011001100110011001100011110000011000000000000
1100011011000110110001101101011011111110111011101100011000000000
1100011011000110011011000011100000111000011011001100011000000000
1100110011001100110011000111100000110000001100000111100000000000
1111111011000110100011000001100000110010011001101111111000000000
0111100001100000011000000110000001100000011000000111100000000000
1100000001100000001100000001100000001100000001100000001000000000
0111100000011000000110000001100000011000000110000111100000000000
0001000000111000011011001100011000000000000000000000000000000000
0000000000000000000000000000000000000000000000000000000011111111
0011000000110000000110000000000000000000000000000000000000000000
0000000000000000011110000000110001111100110011000111011000000000
1110000001100000011000000111110001100110011001101101110000000000
0000000000000000011110001100110011000000110011000111100000000000
0001110000001100000011000111110011001100110011000111011000000000
0000000000000000011110001100110011111100110000000111100000000000
0011100001101100011000001111000001100000011000001111000000000000
0000000000000000011101101100110011001100011111000000110011111000
1110000001100000011011000111011001100110011001101110011000000000
0011000000000000011100000011000000110000001100000111100000000000
0000110000000000000011000000110000001100110011001100110001111000
1110000001100000011001100110110001111000011011001110011000000000
0111000000110000001100000011000000110000001100000111100000000000
0000000000000000110011001111111011111110110101101100011000000000
0000000000000000111110001100110011001100110011001100110000000000
0000000000000000011110001100110011001100110011000111100000000000
0000000000000000110111000110011001100110011111000110000011110000
0000000000000000011101101100110011001100011111000000110000011110
0000000000000000110111000111011001100110011000001111000000000000
0000000000000000011111001100000001111000000011001111100000000000
0001000000110000011111000011000000110000001101000001100000000000
0000000000000000110011001100110011001100110011000111011000000000
0000000000000000110011001100110011001100011110000011000000000000
0000000000000000110001101101011011111110111111100110110000000000
0000000000000000110001100110110000111000011011001100011000000000
0000000000000000110011001100110011001100011111000000110011111000
0000000000000000111111001001100000110000011001001111110000000000
0001110000110000001100001110000000110000001100000001110000000000
0001100000011000000110000000000000011000000110000001100000000000
1110000000110000001100000001110000110000001100001110000000000000
0111011011011100000000000000000000000000000000000000000000000000
0000000000010000001110000110110011000110110001101111111000000000
0000000000110011000110110001111000111100001101100011101100000000
0000000000111110000001100000011000000110000001100011111100000000
0000000000111100000011000000110000001100000111100011011000000000
0000000000111111000001100000011000000110000001100000011000000000
0000000000111111000001100011011000110110001101100011011000000000
0000000000011110000001100000011000000110000001100000011000000000
0000000000111111000011000000011000000110000001100000011000000000
0000000000111111000110110001101100011011000110110001101100000000
0000000000110111001111110011111100110011001100110011111100000000
0000000000011100000011000000110000000000000000000000000000000000
0011111100000011000000110000001100000011000000110000001100000011
0000000000111111000000110000001100000011000000110011111000000000
0011000000110000001111110000001100000011000001100000110000011000
0000000000111111000110110001101100011011000110110001111100000000
0000000000110111001111110001101100110011001100110011111100000000
0001110000001100000011000000110000001100000011000000110000001100
0000000000000111000000110000001100000011000000110011111100000000
0000000000111111000110110001101100011011000111100001110000000000
0000000000111111000110110001101100011011000111100011110000000000
0011111100011011000110110000001100000011000000110000001100000011
0000000000111111000110110001101100000011000000110011111000000000
0011011000011011000111100001110000011000000110000001100000011000
0000000000110110000110110000111100000110000000110011111100000000
0011111100000011001100110011001100110011001111100011000000110000
0000000000111110000000110000001100000011000000110000001100000000
0000000000111111001111110011111100111111001100110011111000000000
0000000000111111000110110001101100011011000110110011101100000000
0001100000011000011111101100000011000000011111100001100000011000
0011100001101100011001001111000001100000111001101111110000000000
1100110011001100011110001111110000110000111111000011000000110000
1111100011001100110011001111101011000110110011111100011011000111
0000111000011011000110000011110000011000000110001101100001110000
0001110000000000011110000000110001111100110011000111111000000000
0011100000000000011100000011000000110000001100000111100000000000
0000000000011100000000000111100011001100110011000111100000000000
0000000000011100000000001100110011001100110011000111111000000000
0000000011111000000000001111100011001100110011001100110000000000
1111110000000000110011001110110011111100110111001100110000000000
0011110001101100011011000011111000000000011111100000000000000000
0011100001101100011011000011100000000000011111000000000000000000
0011000000000000001100000110000011000000110011000111100000000000
0000000000000000000000001111110011000000110000000000000000000000
0000000000000000000000001111110000001100000011000000000000000000
1100001111000110110011001101111000110011011001101100110000001111
1100001111000110110011001101101100110111011011111100111100000011
0001100000011000000000000001100000011000000110000001100000000000
0000000000110011011001101100110001100110001100110000000000000000
0000000011001100011001100011001101100110110011000000000000000000
0010001010001000001000101000100000100010100010000010001010001000
0101010110101010010101011010101001010101101010100101010110101010
1101101101110111110110111110111011011011011101111101101111101110
0001100000011000000110000001100000011000000110000001100000011000
0001100000011000000110000001100011111000000110000001100000011000
0001100000011000111110000001100011111000000110000001100000011000
0011011000110110001101100011011011110110001101100011011000110110
0000000000000000000000000000000011111110001101100011011000110110
0000000000000000111110000001100011111000000110000001100000011000
0011011000110110111101100000011011110110001101100011011000110110
0011011000110110001101100011011000110110001101100011011000110110
0000000000000000111111100000011011110110001101100011011000110110
0011011000110110111101100000011011111110000000000000000000000000
0011011000110110001101100011011011111110000000000000000000000000
0001100000011000111110000001100011111000000000000000000000000000
0000000000000000000000000000000011111000000110000001100000011000
0001100000011000000110000001100000011111000000000000000000000000
0001100000011000000110000001100011111111000000000000000000000000
0000000000000000000000000000000011111111000110000001100000011000
0001100000011000000110000001100000011111000110000001100000011000
0000000000000000000000000000000011111111000000000000000000000000
0001100000011000000110000001100011111111000110000001100000011000
0001100000011000000111110001100000011111000110000001100000011000
0011011000110110001101100011011000110111001101100011011000110110
0011011000110110001101110011000000111111000000000000000000000000
0000000000000000001111110011000000110111001101100011011000110110
0011011000110110111101110000000011111111000000000000000000000000
0000000000000000111111110000000011110111001101100011011000110110
0011011000110110001101110011000000110111001101100011011000110110
0000000000000000111111110000000011111111000000000000000000000000
0011011000110110111101110000000011110111001101100011011000110110
0001100000011000111111110000000011111111000000000000000000000000
0011011000110110001101100011011011111111000000000000000000000000
0000000000000000111111110000000011111111000110000001100000011000
0000000000000000000000000000000011111111001101100011011000110110
0011011000110110001101100011011000111111000000000000000000000000
0001100000011000000111110001100000011111000000000000000000000000
0000000000000000000111110001100000011111000110000001100000011000
0000000000000000000000000000000000111111001101100011011000110110
0011011000110110001101100011011011111111001101100011011000110110
0001100000011000111111110001100011111111000110000001100000011000
0001100000011000000110000001100011111000000000000000000000000000
0000000000000000000000000000000000011111000110000001100000011000
1111111111111111111111111111111111111111111111111111111111111111
0000000000000000000000000000000011111111111111111111111111111111
1111000011110000111100001111000011110000111100001111000011110000
0000111100001111000011110000111100001111000011110000111100001111
1111111111111111111111111111111100000000000000000000000000000000
0000000000000000011101101101110011001000110111000111011000000000
0000000001111000110011001111100011001100111110001100000011000000
0000000011111100110011001100000011000000110000001100000000000000
0000000011111110011011000110110001101100011011000110110000000000
1111110011001100011000000011000001100000110011001111110000000000
0000000000000000011111101101100011011000110110000111000000000000
0000000001100110011001100110011001100110011111000110000011000000
0000000001110110110111000001100000011000000110000001100000000000
1111110000110000011110001100110011001100011110000011000011111100
0011100001101100110001101111111011000110011011000011100000000000
0011100001101100110001101100011001101100011011001110111000000000
0001110000110000000110000111110011001100110011000111100000000000
0000000000000000011111101101101111011011011111100000000000000000
0000011000001100011111101101101111011011011111100110000011000000
0011100001100000110000001111100011000000011000000011100000000000
0111100011001100110011001100110011001100110011001100110000000000
0000000011111100000000001111110000000000111111000000000000000000
0011000000110000111111000011000000110000000000001111110000000000
0110000000110000000110000011000001100000000000001111110000000000
0001100000110000011000000011000000011000000000001111110000000000
0000111000011011000110110001100000011000000110000001100000011000
0001100000011000000110000001100000011000110110001101100001110000
0011000000110000000000001111110000000000001100000011000000000000
0000000001110110110111000000000001110110110111000000000000000000
0011100001101100011011000011100000000000000000000000000000000000
0000000000000000000000000001100000011000000000000000000000000000
0000000000000000000000000000000000011000000000000000000000000000
0000111100001100000011000000110011101100011011000011110000011100
0111100001101100011011000110110001101100000000000000000000000000
0111000000011000001100000110000001111000000000000000000000000000
0000000000000000001111000011110000111100001111000000000000000000
0000000000000000000000000000000000000000000000000000000000000000
