00000000011111100111111001101100000100000011100000010000000000001111111100000000111111110000111100111100001111110111111110011001
00000000100000011111111111111110001110000111110000010000000000001111111100111100110000110000011101100110001100110110001101011010
00000000101001011101101111111110011111000011100000111000000110001110011101100110100110010000111101100110001111110111111100111100
00000000100000011111111111111110111111101111111001111100001111001100001101000010101111010111110101100110001100000110001111100111
00000000101111011100001101111100011111001111111011111110001111001100001101000010101111011100110000111100001100000110001111100111
00000000100110011110011100111000001110000111110001111100000110001110011101100110100110011100110000011000011100000110011100111100
00000000100000011111111100010000000100000011100000111000000000001111111100111100110000111100110001111110111100001110011001011010
00000000011111100111111000000000000000000111110001111100000000001111111100000000111111110111100000011000111000001100000010011001
10000000000000100001100001100110011111110011111000000000000110000001100000011000000000000000000000000000000000000000000000000000
11100000000011100011110001100110110110110110001100000000001111000011110000011000000110000011000000000000001001000001100011111111
11111000001111100111111001100110110110110011100000000000011111100111111000011000000011000110000011000000011001100011110011111111
11111110111111100001100001100110011110110110110000000000000110000001100000011000111111101111111011000000111111110111111001111110
11111000001111100001100001100110000110110110110001111110011111100001100001111110000011000110000011000000011001101111111100111100
11100000000011100111111000000000000110110011100001111110001111000001100000111100000110000011000011111110001001001111111100011000
10000000000000100011110001100110000110111100110001111110000110000001100000011000000000000000000000000000000000000000000000000000
00000000000000000001100000000000000000000111100000000000111111110000000000000000000000000000000000000000000000000000000000000000
00000000001100000110110001101100001100000000000000111000011000000001100001100000000000000000000000000000000000000000000000000110
00000000011110000110110001101100011111001100011001101100011000000011000000110000011001100011000000000000000000000000000000001100
00000000011110000110110011111110110000001100110000111000110000000110000000011000001111000011000000000000000000000000000000011000
00000000001100000000000001101100011110000001100001110110000000000110000000011000111111111111110000000000111111000000000000110000
00000000001100000000000011111110000011000011000011011100000000000110000000011000001111000011000000000000000000000000000001100000
00000000000000000000000001101100111110000110011011001100000000000011000000110000011001100011000000110000000000000011000011000000
00000000001100000000000001101100001100001100011001110110000000000001100001100000000000000000000000110000000000000011000010000000
00000000000000000000000000000000000000000000000000000000000000000000000000000000000000000000000001100000000000000000000000000000
01111100001100000111100001111000000111001111110000111000111111000111100001111000000000000000000000011000000000000110000001111000
11000110011100001100110011001100001111001100000001100000110011001100110011001100001100000011000000110000000000000011000011001100
11001110001100000000110000001100011011001111100011000000000011001100110011001100001100000011000001100000111111000001100000001100
11011110001100000011100000111000110011000000110011111000000110000111100001111100000000000000000011000000000000000000110000011000
11110110001100000110000000001100111111100000110011001100001100001100110000001100000000000000000001100000000000000001100000110000
11100110001100001100110011001100000011001100110011001100001100001100110000011000001100000011000000110000111111000011000000000000
01111100111111001111110001111000000111100111100001111000001100000111100001110000001100000011000000011000000000000110000000110000
00000000000000000000000000000000000000000000000000000000000000000000000000000000000000000110000000000000000000000000000000000000
01111100001100001111110000111100111110001111111011111110001111001100110001111000000111101110011011110000110001101100011000111000
11000110011110000110011001100110011011000110001001100010011001101100110000110000000011000110011001100000111011101110011001101100
11011110110011000110011011000000011001100110100001101000110000001100110000110000000011000110110001100000111111101111011011000110
11011110110011000111110011000000011001100111100001111000110000001111110000110000000011000111100001100000111111101101111011000110
11011110111111000110011011000000011001100110100001101000110011101100110000110000110011000110110001100010110101101100111011000110
11000000110011000110011001100110011011000110001001100000011001101100110000110000110011000110011001100110110001101100011001101100
01111000110011001111110000111100111110001111111011110000001111101100110001111000011110001110011011111110110001101100011000111000
00000000000000000000000000000000000000000000000000000000000000000000000000000000000000000000000000000000000000000000000000000000
11111100011110001111110001111000111111001100110011001100110001101100011011001100111111100111100011000000011110000001000000000000
01100110110011000110011011001100101101001100110011001100110001101100011011001100110001100110000001100000000110000011100000000000
01100110110011000110011011100000001100001100110011001100110001100110110011001100100011000110000000110000000110000110110000000000
01111100110011000111110001110000001100001100110011001100110101100011100001111000000110000110000000011000000110001100011000000000
01100000110111000110110000011100001100001100110011001100111111100011100000110000001100100110000000001100000110000000000000000000
01100000011110000110011011001100001100001100110001111000111011100110110000110000011001100110000000000110000110000000000000000000
11110000000111001110011001111000011110001111110000110000110001101100011001111000111111100111100000000010011110000000000000000000
00000000000000000000000000000000000000000000000000000000000000000000000000000000000000000000000000000000000000000000000011111111
00110000000000001110000000000000000111000000000000111000000000001110000000110000000011001110000001110000000000000000000000000000
00110000000000000110000000000000000011000000000001101100000000000110000000000000000000000110000000110000000000000000000000000000
00011000011110000110000001111000000011000111100001100000011101100110110001110000000011000110011000110000110011001111100001111000
00000000000011000111110011001100011111001100110011110000110011000111011000110000000011000110110000110000111111101100110011001100
00000000011111000110011011000000110011001111110001100000110011000110011000110000000011000111100000110000111111101100110011001100
00000000110011000110011011001100110011001100000001100000011111000110011000110000110011000110110000110000110101101100110011001100
00000000011101101101110001111000011101100111100011110000000011001110011001111000110011001110011001111000110001101100110001111000
00000000000000000000000000000000000000000000000000000000111110000000000000000000011110000000000000000000000000000000000000000000
00000000000000000000000000000000000100000000000000000000000000000000000000000000000000000001110000011000111000000111011000000000
00000000000000000000000000000000001100000000000000000000000000000000000000000000000000000011000000011000001100001101110000010000
11011100011101101101110001111100011111001100110011001100110001101100011011001100111111000011000000011000001100000000000000111000
01100110110011000111011011000000001100001100110011001100110101100110110011001100100110001110000000000000000111000000000001101100
01100110110011000110011001111000001100001100110011001100111111100011100011001100001100000011000000011000001100000000000011000110
01111100011111000110000000001100001101001100110001111000111111100110110001111100011001000011000000011000001100000000000011000110
01100000000011001111000011111000000110000111011000110000011011001100011000001100111111000001110000011000111000000000000011111110
11110000000111100000000000000000000000000000000000000000000000000000000011111000000000000000000000000000000000000000000000000000
00000000000000000000000000000000000000000000000000000000000000000000000000000000001111110000000000110000000000000000000000011100
00110011001111100011110000111111001111110001111000111111001111110011011100011100000000110011111100110000001111110011011100001100
00011011000001100000110000000110000001100000011000001100000110110011111100001100000000110000001100111111000110110011111100001100
00011110000001100000110000000110001101100000011000000110000110110011111100001100000000110000001100000011000110110001101100001100
00111100000001100000110000000110001101100000011000000110000110110011001100000000000000110000001100000011000110110011001100001100
00110110000001100001111000000110001101100000011000000110000110110011001100000000000000110000001100000110000110110011001100001100
00111011001111110011011000000110001101100000011000000110000110110011111100000000000000110011111000001100000111110011111100001100
00000000000000000000000000000000000000000000000000000000000000000000000000000000000000110000000000011000000000000000000000001100
00000000000000000000000000111111000000000011011000000000001111110000000000000000000000000001100000111000110011001111100000001110
00000111001111110011111100011011001111110001101100110110000000110011111000111111001111110001100001101100110011001100110000011011
00000011000110110001101100011011000110110001111000011011001100110000001100111111000110110111111001100100011110001100110000011000
00000011000110110001101100000011000110110001110000001111001100110000001100111111000110111100000011110000111111001111101000111100
00000011000110110001101100000011000000110001100000000110001100110000001100111111000110111100000001100000001100001100011000011000
00000011000111100001111000000011000000110001100000000011001111100000001100110011000110110111111011100110111111001100111100011000
00111111000111000011110000000011001111100001100000111111001100000000001100111110001110110001100011111100001100001100011011011000
00000000000000000000000000000011000000000001100000000000001100000000000000000000000000000001100000000000001100001100011101110000
00011100001110000000000000000000000000001111110000111100001110000011000000000000000000001100001111000011000110000000000000000000
00000000000000000001110000011100111110000000000001101100011011000000000000000000000000001100011011000110000110000011001111001100
01111000011100000000000000000000000000001100110001101100011011000011000000000000000000001100110011001100000000000110011001100110
00001100001100000111100011001100111110001110110000111110001110000110000011111100111111001101111011011011000110001100110000110011
01111100001100001100110011001100110011001111110000000000000000001100000011000000000011000011001100110111000110000110011001100110
11001100001100001100110011001100110011001101110001111110011111001100110011000000000011000110011001101111000110000011001111001100
01111110011110000111100001111110110011001100110000000000000000000111100000000000000000001100110011001111000110000000000000000000
00000000000000000000000000000000000000000000000000000000000000000000000000000000000000000000111100000011000000000000000000000000
00100010010101011101101100011000000110000001100000110110000000000000000000110110001101100000000000110110001101100001100000000000
10001000101010100111011100011000000110000001100000110110000000000000000000110110001101100000000000110110001101100001100000000000
00100010010101011101101100011000000110001111100000110110000000001111100011110110001101101111111011110110001101101111100000000000
10001000101010101110111000011000000110000001100000110110000000000001100000000110001101100000011000000110001101100001100000000000
00100010010101011101101100011000111110001111100011110110111111101111100011110110001101101111011011111110111111101111100011111000
10001000101010100111011100011000000110000001100000110110001101100001100000110110001101100011011000000000000000000000000000011000
00100010010101011101101100011000000110000001100000110110001101100001100000110110001101100011011000000000000000000000000000011000
10001000101010101110111000011000000110000001100000110110001101100001100000110110001101100011011000000000000000000000000000011000
00011000000110000000000000011000000000000001100000011000001101100011011000000000001101100000000000110110000000000011011000011000
00011000000110000000000000011000000000000001100000011000001101100011011000000000001101100000000000110110000000000011011000011000
00011000000110000000000000011000000000000001100000011111001101100011011100111111111101111111111100110111111111111111011111111111
00011000000110000000000000011000000000000001100000011000001101100011000000110000000000000000000000110000000000000000000000000000
00011111111111111111111100011111111111111111111100011111001101110011111100110111111111111111011100110111111111111111011111111111
00000000000000000001100000011000000000000001100000011000001101100000000000110110000000000011011000110110000000000011011000000000
00000000000000000001100000011000000000000001100000011000001101100000000000110110000000000011011000110110000000000011011000000000
00000000000000000001100000011000000000000001100000011000001101100000000000110110000000000011011000110110000000000011011000000000
00110110000000000000000000110110000110000000000000000000001101100001100000011000000000001111111100000000111100000000111111111111
00110110000000000000000000110110000110000000000000000000001101100001100000011000000000001111111100000000111100000000111111111111
00110110111111110000000000110110000111110001111100000000001101101111111100011000000000001111111100000000111100000000111111111111
00110110000000000000000000110110000110000001100000000000001101100001100000011000000000001111111100000000111100000000111111111111
11111111111111111111111100111111000111110001111100111111111111111111111111111000000111111111111111111111111100000000111100000000
00000000000110000011011000000000000000000001100000110110001101100001100000000000000110001111111111111111111100000000111100000000
00000000000110000011011000000000000000000001100000110110001101100001100000000000000110001111111111111111111100000000111100000000
00000000000110000011011000000000000000000001100000110110001101100001100000000000000110001111111111111111111100000000111100000000
00000000000000000000000000000000111111000000000000000000000000001111110000111000001110000001110000000000000001100011100001111000
00000000011110001111110011111110110011000000000001100110011101100011000001101100011011000011000000000000000011000110000011001100
01110110110011001100110001101100011000000111111001100110110111000111100011000110110001100001100001111110011111101100000011001100
11011100111110001100000001101100001100001101100001100110000110001100110011111110110001100111110011011011110110111111100011001100
11001000110011001100000001101100011000001101100001100110000110001100110011000110011011001100110011011011110110111100000011001100
11011100111110001100000001101100110011001101100001111100000110000111100001101100011011001100110001111110011111100110000011001100
01110110110000001100000001101100111111000111000001100000000110000011000000111000111011100111100000000000011000000011100011001100
00000000110000000000000000000000000000000000000011000000000000001111110000000000000000000000000000000000110000000000000000000000
00000000001100000110000000011000000011100001100000110000000000000011100000000000000000000000111101111000011100000000000000000000
11111100001100000011000000110000000110110001100000110000011101100110110000000000000000000000110001101100000110000000000000000000
00000000111111000001100001100000000110110001100000000000110111000110110000000000000000000000110001101100001100000011110000000000
11111100001100000011000000110000000110000001100011111100000000000011100000011000000000000000110001101100011000000011110000000000
00000000001100000110000000011000000110000001100000000000011101100000000000011000000110001110110001101100011110000011110000000000
11111100000000000000000000000000000110001101100000110000110111000000000000000000000000000110110000000000000000000011110000000000
00000000111111001111110011111100000110001101100000110000000000000000000000000000000000000011110000000000000000000000000000000000
00000000000000000000000000000000000110000111000000000000000000000000000000000000000000000001110000000000000000000000000000000000
