// Simple font.
// 256 glyphs with 8x8 size.
//
// 0x00 - Line 0
00000000 01111110 01111110 01101100 00010000 00111000 00010000 00000000 11111111 00000000 11111111 00001111 00111100 00111111 01111111 10011001
00000000 10000001 11111111 11111110 00111000 01111100 00010000 00000000 11111111 00111100 11000011 00000111 01100110 00110011 01100011 01011010
00000000 10100101 11011011 11111110 01111100 00111000 00111000 00011000 11100111 01100110 10011001 00001111 01100110 00111111 01111111 00111100
00000000 10000001 11111111 11111110 11111110 11111110 01111100 00111100 11000011 01000010 10111101 01111101 01100110 00110000 01100011 11100111
00000000 10111101 11000011 01111100 01111100 11111110 11111110 00111100 11000011 01000010 10111101 11001100 00111100 00110000 01100011 11100111
00000000 10011001 11100111 00111000 00111000 01111100 01111100 00011000 11100111 01100110 10011001 11001100 00011000 01110000 01100111 00111100
00000000 10000001 11111111 00010000 00010000 00111000 00111000 00000000 11111111 00111100 11000011 11001100 01111110 11110000 11100110 01011010
00000000 01111110 01111110 00000000 00000000 01111100 01111100 00000000 11111111 00000000 11111111 01111000 00011000 11100000 11000000 10011001

// 0x10 - Line 1
10000000 00000010 00011000 01100110 01111111 00111110 00000000 00011000 00011000 00011000 00000000 00000000 00000000 00000000 00000000 00000000
11100000 00001110 00111100 01100110 11011011 01100011 00000000 00111100 00111100 00011000 00011000 00110000 00000000 00100100 00011000 11111111
11111000 00111110 01111110 01100110 11011011 00111000 00000000 01111110 01111110 00011000 00001100 01100000 11000000 01100110 00111100 11111111
11111110 11111110 00011000 01100110 01111011 01101100 00000000 00011000 00011000 00011000 11111110 11111110 11000000 11111111 01111110 01111110
11111000 00111110 00011000 01100110 00011011 01101100 01111110 01111110 00011000 01111110 00001100 01100000 11000000 01100110 11111111 00111100
11100000 00001110 01111110 00000000 00011011 00111000 01111110 00111100 00011000 00111100 00011000 00110000 11111110 00100100 11111111 00011000
10000000 00000010 00111100 01100110 00011011 11001100 01111110 00011000 00011000 00011000 00000000 00000000 00000000 00000000 00000000 00000000
00000000 00000000 00011000 00000000 00000000 01111000 00000000 11111111 00000000 00000000 00000000 00000000 00000000 00000000 00000000 00000000

// 0x20 - Line 2
00000000 00110000 01101100 01101100 00110000 00000000 00111000 01100000 00011000 01100000 00000000 00000000 00000000 00000000 00000000 00000110
00000000 01111000 01101100 01101100 01111100 11000110 01101100 01100000 00110000 00110000 01100110 00110000 00000000 00000000 00000000 00001100
00000000 01111000 01101100 11111110 11000000 11001100 00111000 11000000 01100000 00011000 00111100 00110000 00000000 00000000 00000000 00011000
00000000 00110000 00000000 01101100 01111000 00011000 01110110 00000000 01100000 00011000 11111111 11111100 00000000 11111100 00000000 00110000
00000000 00110000 00000000 11111110 00001100 00110000 11011100 00000000 01100000 00011000 00111100 00110000 00000000 00000000 00000000 01100000
00000000 00000000 00000000 01101100 11111000 01100110 11001100 00000000 00110000 00110000 01100110 00110000 00110000 00000000 00110000 11000000
00000000 00110000 00000000 01101100 00110000 11000110 01110110 00000000 00011000 01100000 00000000 00000000 00110000 00000000 00110000 10000000
00000000 00000000 00000000 00000000 00000000 00000000 00000000 00000000 00000000 00000000 00000000 00000000 01100000 00000000 00000000 00000000

// 0x30 - Line 3
01111100 00110000 01111000 01111000 00011100 11111100 00111000 11111100 01111000 01111000 00000000 00000000 00011000 00000000 01100000 01111000
11000110 01110000 11001100 11001100 00111100 11000000 01100000 11001100 11001100 11001100 00110000 00110000 00110000 00000000 00110000 11001100
11001110 00110000 00001100 00001100 01101100 11111000 11000000 00001100 11001100 11001100 00110000 00110000 01100000 11111100 00011000 00001100
11011110 00110000 00111000 00111000 11001100 00001100 11111000 00011000 01111000 01111100 00000000 00000000 11000000 00000000 00001100 00011000
11110110 00110000 01100000 00001100 11111110 00001100 11001100 00110000 11001100 00001100 00000000 00000000 01100000 00000000 00011000 00110000
11100110 00110000 11001100 11001100 00001100 11001100 11001100 00110000 11001100 00011000 00110000 00110000 00110000 11111100 00110000 00000000
01111100 11111100 11111100 01111000 00011110 01111000 01111000 00110000 01111000 01110000 00110000 00110000 00011000 00000000 01100000 00110000
00000000 00000000 00000000 00000000 00000000 00000000 00000000 00000000 00000000 00000000 00000000 01100000 00000000 00000000 00000000 00000000

// 0x40 - Line 4
01111100 00110000 11111100 00111100 11111000 11111110 11111110 00111100 11001100 01111000 00011110 11100110 11110000 11000110 11000110 00111000
11000110 01111000 01100110 01100110 01101100 01100010 01100010 01100110 11001100 00110000 00001100 01100110 01100000 11101110 11100110 01101100
11011110 11001100 01100110 11000000 01100110 01101000 01101000 11000000 11001100 00110000 00001100 01101100 01100000 11111110 11110110 11000110
11011110 11001100 01111100 11000000 01100110 01111000 01111000 11000000 11111100 00110000 00001100 01111000 01100000 11111110 11011110 11000110
11011110 11111100 01100110 11000000 01100110 01101000 01101000 11001110 11001100 00110000 11001100 01101100 01100010 11010110 11001110 11000110
11000000 11001100 01100110 01100110 01101100 01100010 01100000 01100110 11001100 00110000 11001100 01100110 01100110 11000110 11000110 01101100
01111000 11001100 11111100 00111100 11111000 11111110 11110000 00111110 11001100 01111000 01111000 11100110 11111110 11000110 11000110 00111000
00000000 00000000 00000000 00000000 00000000 00000000 00000000 00000000 00000000 00000000 00000000 00000000 00000000 00000000 00000000 00000000

// 0x50 - Line 5
11111100 01111000 11111100 01111000 11111100 11001100 11001100 11000110 11000110 11001100 11111110 01111000 11000000 01111000 00010000 00000000
01100110 11001100 01100110 11001100 10110100 11001100 11001100 11000110 11000110 11001100 11000110 01100000 01100000 00011000 00111000 00000000
01100110 11001100 01100110 11100000 00110000 11001100 11001100 11000110 01101100 11001100 10001100 01100000 00110000 00011000 01101100 00000000
01111100 11001100 01111100 01110000 00110000 11001100 11001100 11010110 00111000 01111000 00011000 01100000 00011000 00011000 11000110 00000000
01100000 11011100 01101100 00011100 00110000 11001100 11001100 11111110 00111000 00110000 00110010 01100000 00001100 00011000 00000000 00000000
01100000 01111000 01100110 11001100 00110000 11001100 01111000 11101110 01101100 00110000 01100110 01100000 00000110 00011000 00000000 00000000
11110000 00011100 11100110 01111000 01111000 11111100 00110000 11000110 11000110 01111000 11111110 01111000 00000010 01111000 00000000 00000000
00000000 00000000 00000000 00000000 00000000 00000000 00000000 00000000 00000000 00000000 00000000 00000000 00000000 00000000 00000000 11111111

// 0x60 - Line 6
00110000 00000000 11100000 00000000 00011100 00000000 00111000 00000000 11100000 00110000 00001100 11100000 01110000 00000000 00000000 00000000
00110000 00000000 01100000 00000000 00001100 00000000 01101100 00000000 01100000 00000000 00000000 01100000 00110000 00000000 00000000 00000000
00011000 01111000 01100000 01111000 00001100 01111000 01100000 01110110 01101100 01110000 00001100 01100110 00110000 11001100 11111000 01111000
00000000 00001100 01111100 11001100 01111100 11001100 11110000 11001100 01110110 00110000 00001100 01101100 00110000 11111110 11001100 11001100
00000000 01111100 01100110 11000000 11001100 11111100 01100000 11001100 01100110 00110000 00001100 01111000 00110000 11111110 11001100 11001100
00000000 11001100 01100110 11001100 11001100 11000000 01100000 01111100 01100110 00110000 11001100 01101100 00110000 11010110 11001100 11001100
00000000 01110110 11011100 01111000 01110110 01111000 11110000 00001100 11100110 01111000 11001100 11100110 01111000 11000110 11001100 01111000
00000000 00000000 00000000 00000000 00000000 00000000 00000000 11111000 00000000 00000000 01111000 00000000 00000000 00000000 00000000 00000000

// 0x70 - Line 7
00000000 00000000 00000000 00000000 00010000 00000000 00000000 00000000 00000000 00000000 00000000 00011100 00011000 11100000 01110110 00000000
00000000 00000000 00000000 00000000 00110000 00000000 00000000 00000000 00000000 00000000 00000000 00110000 00011000 00110000 11011100 00010000
11011100 01110110 11011100 01111100 01111100 11001100 11001100 11000110 11000110 11001100 11111100 00110000 00011000 00110000 00000000 00111000
01100110 11001100 01110110 11000000 00110000 11001100 11001100 11010110 01101100 11001100 10011000 11100000 00000000 00011100 00000000 01101100
01100110 11001100 01100110 01111000 00110000 11001100 11001100 11111110 00111000 11001100 00110000 00110000 00011000 00110000 00000000 11000110
01111100 01111100 01100000 00001100 00110100 11001100 01111000 11111110 01101100 01111100 01100100 00110000 00011000 00110000 00000000 11000110
01100000 00001100 11110000 11111000 00011000 01110110 00110000 01101100 11000110 00001100 11111100 00011100 00011000 11100000 00000000 11111110
11110000 00011110 00000000 00000000 00000000 00000000 00000000 00000000 00000000 11111000 00000000 00000000 00000000 00000000 00000000 00000000

// 0x80 - Line 8
00000000 00000000 00000000 00000000 00000000 00000000 00000000 00000000 00000000 00000000 00111111 00000000 00110000 00000000 00000000 00011100
00110011 00111110 00111100 00111111 00111111 00011110 00111111 00111111 00110111 00011100 00000011 00111111 00110000 00111111 00110111 00001100
00011011 00000110 00001100 00000110 00000110 00000110 00001100 00011011 00111111 00001100 00000011 00000011 00111111 00011011 00111111 00001100
00011110 00000110 00001100 00000110 00110110 00000110 00000110 00011011 00111111 00001100 00000011 00000011 00000011 00011011 00011011 00001100
00111100 00000110 00001100 00000110 00110110 00000110 00000110 00011011 00110011 00000000 00000011 00000011 00000011 00011011 00110011 00001100
00110110 00000110 00011110 00000110 00110110 00000110 00000110 00011011 00110011 00000000 00000011 00000011 00000110 00011011 00110011 00001100
00111011 00111111 00110110 00000110 00110110 00000110 00000110 00011011 00111111 00000000 00000011 00111110 00001100 00011111 00111111 00001100
00000000 00000000 00000000 00000000 00000000 00000000 00000000 00000000 00000000 00000000 00000011 00000000 00011000 00000000 00000000 00001100

// 0x90 - Line 9
00000000 00000000 00000000 00111111 00000000 00110110 00000000 00111111 00000000 00000000 00000000 00011000 00111000 11001100 11111000 00001110
00000111 00111111 00111111 00011011 00111111 00011011 00110110 00000011 00111110 00111111 00111111 00011000 01101100 11001100 11001100 00011011
00000011 00011011 00011011 00011011 00011011 00011110 00011011 00110011 00000011 00111111 00011011 01111110 01100100 01111000 11001100 00011000
00000011 00011011 00011011 00000011 00011011 00011100 00001111 00110011 00000011 00111111 00011011 11000000 11110000 11111100 11111010 00111100
00000011 00011011 00011011 00000011 00000011 00011000 00000110 00110011 00000011 00111111 00011011 11000000 01100000 00110000 11000110 00011000
00000011 00011110 00011110 00000011 00000011 00011000 00000011 00111110 00000011 00110011 00011011 01111110 11100110 11111100 11001111 00011000
00111111 00011100 00111100 00000011 00111110 00011000 00111111 00110000 00000011 00111110 00111011 00011000 11111100 00110000 11000110 11011000
00000000 00000000 00000000 00000011 00000000 00011000 00000000 00110000 00000000 00000000 00000000 00011000 00000000 00110000 11000111 01110000

// 0xA0 - Line 10
00011100 00111000 00000000 00000000 00000000 11111100 00111100 00111000 00110000 00000000 00000000 11000011 11000011 00011000 00000000 00000000
00000000 00000000 00011100 00011100 11111000 00000000 01101100 01101100 00000000 00000000 00000000 11000110 11000110 00011000 00110011 11001100
01111000 01110000 00000000 00000000 00000000 11001100 01101100 01101100 00110000 00000000 00000000 11001100 11001100 00000000 01100110 01100110
00001100 00110000 01111000 11001100 11111000 11101100 00111110 00111000 01100000 11111100 11111100 11011110 11011011 00011000 11001100 00110011
01111100 00110000 11001100 11001100 11001100 11111100 00000000 00000000 11000000 11000000 00001100 00110011 00110111 00011000 01100110 01100110
11001100 00110000 11001100 11001100 11001100 11011100 01111110 01111100 11001100 11000000 00001100 01100110 01101111 00011000 00110011 11001100
01111110 01111000 01111000 01111110 11001100 11001100 00000000 00000000 01111000 00000000 00000000 11001100 11001111 00011000 00000000 00000000
00000000 00000000 00000000 00000000 00000000 00000000 00000000 00000000 00000000 00000000 00000000 00001111 00000011 00000000 00000000 00000000

// 0xB0 - Line 11
00100010 01010101 11011011 00011000 00011000 00011000 00110110 00000000 00000000 00110110 00110110 00000000 00110110 00110110 00011000 00000000
10001000 10101010 01110111 00011000 00011000 00011000 00110110 00000000 00000000 00110110 00110110 00000000 00110110 00110110 00011000 00000000
00100010 01010101 11011011 00011000 00011000 11111000 00110110 00000000 11111000 11110110 00110110 11111110 11110110 00110110 11111000 00000000
10001000 10101010 11101110 00011000 00011000 00011000 00110110 00000000 00011000 00000110 00110110 00000110 00000110 00110110 00011000 00000000
00100010 01010101 11011011 00011000 11111000 11111000 11110110 11111110 11111000 11110110 00110110 11110110 11111110 11111110 11111000 11111000
10001000 10101010 01110111 00011000 00011000 00011000 00110110 00110110 00011000 00110110 00110110 00110110 00000000 00000000 00000000 00011000
00100010 01010101 11011011 00011000 00011000 00011000 00110110 00110110 00011000 00110110 00110110 00110110 00000000 00000000 00000000 00011000
10001000 10101010 11101110 00011000 00011000 00011000 00110110 00110110 00011000 00110110 00110110 00110110 00000000 00000000 00000000 00011000

// 0xC0 - Line 12
00011000 00011000 00000000 00011000 00000000 00011000 00011000 00110110 00110110 00000000 00110110 00000000 00110110 00000000 00110110 00011000
00011000 00011000 00000000 00011000 00000000 00011000 00011000 00110110 00110110 00000000 00110110 00000000 00110110 00000000 00110110 00011000
00011000 00011000 00000000 00011000 00000000 00011000 00011111 00110110 00110111 00111111 11110111 11111111 00110111 11111111 11110111 11111111
00011000 00011000 00000000 00011000 00000000 00011000 00011000 00110110 00110000 00110000 00000000 00000000 00110000 00000000 00000000 00000000
00011111 11111111 11111111 00011111 11111111 11111111 00011111 00110111 00111111 00110111 11111111 11110111 00110111 11111111 11110111 11111111
00000000 00000000 00011000 00011000 00000000 00011000 00011000 00110110 00000000 00110110 00000000 00110110 00110110 00000000 00110110 00000000
00000000 00000000 00011000 00011000 00000000 00011000 00011000 00110110 00000000 00110110 00000000 00110110 00110110 00000000 00110110 00000000
00000000 00000000 00011000 00011000 00000000 00011000 00011000 00110110 00000000 00110110 00000000 00110110 00110110 00000000 00110110 00000000

// 0xD0 - Line 13
00110110 00000000 00000000 00110110 00011000 00000000 00000000 00110110 00011000 00011000 00000000 11111111 00000000 11110000 00001111 11111111
00110110 00000000 00000000 00110110 00011000 00000000 00000000 00110110 00011000 00011000 00000000 11111111 00000000 11110000 00001111 11111111
00110110 11111111 00000000 00110110 00011111 00011111 00000000 00110110 11111111 00011000 00000000 11111111 00000000 11110000 00001111 11111111
00110110 00000000 00000000 00110110 00011000 00011000 00000000 00110110 00011000 00011000 00000000 11111111 00000000 11110000 00001111 11111111
11111111 11111111 11111111 00111111 00011111 00011111 00111111 11111111 11111111 11111000 00011111 11111111 11111111 11110000 00001111 00000000
00000000 00011000 00110110 00000000 00000000 00011000 00110110 00110110 00011000 00000000 00011000 11111111 11111111 11110000 00001111 00000000
00000000 00011000 00110110 00000000 00000000 00011000 00110110 00110110 00011000 00000000 00011000 11111111 11111111 11110000 00001111 00000000
00000000 00011000 00110110 00000000 00000000 00011000 00110110 00110110 00011000 00000000 00011000 11111111 11111111 11110000 00001111 00000000

// 0xE0 - Line 14
00000000 00000000 00000000 00000000 11111100 00000000 00000000 00000000 11111100 00111000 00111000 00011100 00000000 00000110 00111000 01111000
00000000 01111000 11111100 11111110 11001100 00000000 01100110 01110110 00110000 01101100 01101100 00110000 00000000 00001100 01100000 11001100
01110110 11001100 11001100 01101100 01100000 01111110 01100110 11011100 01111000 11000110 11000110 00011000 01111110 01111110 11000000 11001100
11011100 11111000 11000000 01101100 00110000 11011000 01100110 00011000 11001100 11111110 11000110 01111100 11011011 11011011 11111000 11001100
11001000 11001100 11000000 01101100 01100000 11011000 01100110 00011000 11001100 11000110 01101100 11001100 11011011 11011011 11000000 11001100
11011100 11111000 11000000 01101100 11001100 11011000 01111100 00011000 01111000 01101100 01101100 11001100 01111110 01111110 01100000 11001100
01110110 11000000 11000000 01101100 11111100 01110000 01100000 00011000 00110000 00111000 11101110 01111000 00000000 01100000 00111000 11001100
00000000 11000000 00000000 00000000 00000000 00000000 11000000 00000000 11111100 00000000 00000000 00000000 00000000 11000000 00000000 00000000

// 0xF0 - Line 15
00000000 00110000 01100000 00011000 00001110 00011000 00110000 00000000 00111000 00000000 00000000 00001111 01111000 01110000 00000000 00000000
11111100 00110000 00110000 00110000 00011011 00011000 00110000 01110110 01101100 00000000 00000000 00001100 01101100 00011000 00000000 00000000
00000000 11111100 00011000 01100000 00011011 00011000 00000000 11011100 01101100 00000000 00000000 00001100 01101100 00110000 00111100 00000000
11111100 00110000 00110000 00110000 00011000 00011000 11111100 00000000 00111000 00011000 00000000 00001100 01101100 01100000 00111100 00000000
00000000 00110000 01100000 00011000 00011000 00011000 00000000 01110110 00000000 00011000 00011000 11101100 01101100 01111000 00111100 00000000
11111100 00000000 00000000 00000000 00011000 11011000 00110000 11011100 00000000 00000000 00000000 01101100 00000000 00000000 00111100 00000000
00000000 11111100 11111100 11111100 00011000 11011000 00110000 00000000 00000000 00000000 00000000 00111100 00000000 00000000 00000000 00000000
00000000 00000000 00000000 00000000 00011000 01110000 00000000 00000000 00000000 00000000 00000000 00011100 00000000 00000000 00000000 00000000
