//
// 0x0 (0)
00000000
00000000
00000000
00000000
00000000
00000000
00000000
00000000
//
// 0x1 (1)
01111110
10000001
10100101
10000001
10111101
10011001
10000001
01111110
//
// 0x2 (2)
01111110
11111111
11011011
11111111
11000011
11100111
11111111
01111110
//
// 0x3 (3)
01101100
11111110
11111110
11111110
01111100
00111000
00010000
00000000
//
// 0x4 (4)
00010000
00111000
01111100
11111110
01111100
00111000
00010000
00000000
//
// 0x5 (5)
00111000
01111100
00111000
11111110
11111110
01111100
00111000
01111100
//
// 0x6 (6)
00010000
00010000
00111000
01111100
11111110
01111100
00111000
01111100
//
// 0x7 (7)
00000000
00000000
00011000
00111100
00111100
00011000
00000000
00000000
//
// 0x8 (8)
11111111
11111111
11100111
11000011
11000011
11100111
11111111
11111111
//
// 0x9 (9)
00000000
00111100
01100110
01000010
01000010
01100110
00111100
00000000
//
// 0xA (10)
11111111
11000011
10011001
10111101
10111101
10011001
11000011
11111111
//
// 0xB (11)
00001111
00000111
00001111
01111101
11001100
11001100
11001100
01111000
//
// 0xC (12)
00111100
01100110
01100110
01100110
00111100
00011000
01111110
00011000
//
// 0xD (13)
00111111
00110011
00111111
00110000
00110000
01110000
11110000
11100000
//
// 0xE (14)
01111111
01100011
01111111
01100011
01100011
01100111
11100110
11000000
//
// 0xF (15)
10011001
01011010
00111100
11100111
11100111
00111100
01011010
10011001
//
// 0x10 (16)
10000000
11100000
11111000
11111110
11111000
11100000
10000000
00000000
//
// 0x11 (17)
00000010
00001110
00111110
11111110
00111110
00001110
00000010
00000000
//
// 0x12 (18)
00011000
00111100
01111110
00011000
00011000
01111110
00111100
00011000
//
// 0x13 (19)
01100110
01100110
01100110
01100110
01100110
00000000
01100110
00000000
//
// 0x14 (20)
01111111
11011011
11011011
01111011
00011011
00011011
00011011
00000000
//
// 0x15 (21)
00111110
01100011
00111000
01101100
01101100
00111000
11001100
01111000
//
// 0x16 (22)
00000000
00000000
00000000
00000000
01111110
01111110
01111110
00000000
//
// 0x17 (23)
00011000
00111100
01111110
00011000
01111110
00111100
00011000
11111111
//
// 0x18 (24)
00011000
00111100
01111110
00011000
00011000
00011000
00011000
00000000
//
// 0x19 (25)
00011000
00011000
00011000
00011000
01111110
00111100
00011000
00000000
//
// 0x1A (26)
00000000
00011000
00001100
11111110
00001100
00011000
00000000
00000000
//
// 0x1B (27)
00000000
00110000
01100000
11111110
01100000
00110000
00000000
00000000
//
// 0x1C (28)
00000000
00000000
11000000
11000000
11000000
11111110
00000000
00000000
//
// 0x1D (29)
00000000
00100100
01100110
11111111
01100110
00100100
00000000
00000000
//
// 0x1E (30)
00000000
00011000
00111100
01111110
11111111
11111111
00000000
00000000
//
// 0x1F (31)
00000000
11111111
11111111
01111110
00111100
00011000
00000000
00000000
//
// 0x20 (32)
00000000
00000000
00000000
00000000
00000000
00000000
00000000
00000000
//
// 0x21 (33)
00110000
01111000
01111000
00110000
00110000
00000000
00110000
00000000
//
// 0x22 (34)
01101100
01101100
01101100
00000000
00000000
00000000
00000000
00000000
//
// 0x23 (35)
01101100
01101100
11111110
01101100
11111110
01101100
01101100
00000000
//
// 0x24 (36)
00110000
01111100
11000000
01111000
00001100
11111000
00110000
00000000
//
// 0x25 (37)
00000000
11000110
11001100
00011000
00110000
01100110
11000110
00000000
//
// 0x26 (38)
00111000
01101100
00111000
01110110
11011100
11001100
01110110
00000000
//
// 0x27 (39)
01100000
01100000
11000000
00000000
00000000
00000000
00000000
00000000
//
// 0x28 (40)
00011000
00110000
01100000
01100000
01100000
00110000
00011000
00000000
//
// 0x29 (41)
01100000
00110000
00011000
00011000
00011000
00110000
01100000
00000000
//
// 0x2A (42)
00000000
01100110
00111100
11111111
00111100
01100110
00000000
00000000
//
// 0x2B (43)
00000000
00110000
00110000
11111100
00110000
00110000
00000000
00000000
//
// 0x2C (44)
00000000
00000000
00000000
00000000
00000000
00110000
00110000
01100000
//
// 0x2D (45)
00000000
00000000
00000000
11111100
00000000
00000000
00000000
00000000
//
// 0x2E (46)
00000000
00000000
00000000
00000000
00000000
00110000
00110000
00000000
//
// 0x2F (47)
00000110
00001100
00011000
00110000
01100000
11000000
10000000
00000000
//
// 0x30 (48)
01111100
11000110
11001110
11011110
11110110
11100110
01111100
00000000
//
// 0x31 (49)
00110000
01110000
00110000
00110000
00110000
00110000
11111100
00000000
//
// 0x32 (50)
01111000
11001100
00001100
00111000
01100000
11001100
11111100
00000000
//
// 0x33 (51)
01111000
11001100
00001100
00111000
00001100
11001100
01111000
00000000
//
// 0x34 (52)
00011100
00111100
01101100
11001100
11111110
00001100
00011110
00000000
//
// 0x35 (53)
11111100
11000000
11111000
00001100
00001100
11001100
01111000
00000000
//
// 0x36 (54)
00111000
01100000
11000000
11111000
11001100
11001100
01111000
00000000
//
// 0x37 (55)
11111100
11001100
00001100
00011000
00110000
00110000
00110000
00000000
//
// 0x38 (56)
01111000
11001100
11001100
01111000
11001100
11001100
01111000
00000000
//
// 0x39 (57)
01111000
11001100
11001100
01111100
00001100
00011000
01110000
00000000
//
// 0x3A (58)
00000000
00110000
00110000
00000000
00000000
00110000
00110000
00000000
//
// 0x3B (59)
00000000
00110000
00110000
00000000
00000000
00110000
00110000
01100000
//
// 0x3C (60)
00011000
00110000
01100000
11000000
01100000
00110000
00011000
00000000
//
// 0x3D (61)
00000000
00000000
11111100
00000000
00000000
11111100
00000000
00000000
//
// 0x3E (62)
01100000
00110000
00011000
00001100
00011000
00110000
01100000
00000000
//
// 0x3F (63)
01111000
11001100
00001100
00011000
00110000
00000000
00110000
00000000
//
// 0x40 (64)
01111100
11000110
11011110
11011110
11011110
11000000
01111000
00000000
//
// 0x41 (65)
00110000
01111000
11001100
11001100
11111100
11001100
11001100
00000000
//
// 0x42 (66)
11111100
01100110
01100110
01111100
01100110
01100110
11111100
00000000
//
// 0x43 (67)
00111100
01100110
11000000
11000000
11000000
01100110
00111100
00000000
//
// 0x44 (68)
11111000
01101100
01100110
01100110
01100110
01101100
11111000
00000000
//
// 0x45 (69)
11111110
01100010
01101000
01111000
01101000
01100010
11111110
00000000
//
// 0x46 (70)
11111110
01100010
01101000
01111000
01101000
01100000
11110000
00000000
//
// 0x47 (71)
00111100
01100110
11000000
11000000
11001110
01100110
00111110
00000000
//
// 0x48 (72)
11001100
11001100
11001100
11111100
11001100
11001100
11001100
00000000
//
// 0x49 (73)
01111000
00110000
00110000
00110000
00110000
00110000
01111000
00000000
//
// 0x4A (74)
00011110
00001100
00001100
00001100
11001100
11001100
01111000
00000000
//
// 0x4B (75)
11100110
01100110
01101100
01111000
01101100
01100110
11100110
00000000
//
// 0x4C (76)
11110000
01100000
01100000
01100000
01100010
01100110
11111110
00000000
//
// 0x4D (77)
11000110
11101110
11111110
11111110
11010110
11000110
11000110
00000000
//
// 0x4E (78)
11000110
11100110
11110110
11011110
11001110
11000110
11000110
00000000
//
// 0x4F (79)
00111000
01101100
11000110
11000110
11000110
01101100
00111000
00000000
//
// 0x50 (80)
11111100
01100110
01100110
01111100
01100000
01100000
11110000
00000000
//
// 0x51 (81)
01111000
11001100
11001100
11001100
11011100
01111000
00011100
00000000
//
// 0x52 (82)
11111100
01100110
01100110
01111100
01101100
01100110
11100110
00000000
//
// 0x53 (83)
01111000
11001100
11100000
01110000
00011100
11001100
01111000
00000000
//
// 0x54 (84)
11111100
10110100
00110000
00110000
00110000
00110000
01111000
00000000
//
// 0x55 (85)
11001100
11001100
11001100
11001100
11001100
11001100
11111100
00000000
//
// 0x56 (86)
11001100
11001100
11001100
11001100
11001100
01111000
00110000
00000000
//
// 0x57 (87)
11000110
11000110
11000110
11010110
11111110
11101110
11000110
00000000
//
// 0x58 (88)
11000110
11000110
01101100
00111000
00111000
01101100
11000110
00000000
//
// 0x59 (89)
11001100
11001100
11001100
01111000
00110000
00110000
01111000
00000000
//
// 0x5A (90)
11111110
11000110
10001100
00011000
00110010
01100110
11111110
00000000
//
// 0x5B (91)
01111000
01100000
01100000
01100000
01100000
01100000
01111000
00000000
//
// 0x5C (92)
11000000
01100000
00110000
00011000
00001100
00000110
00000010
00000000
//
// 0x5D (93)
01111000
00011000
00011000
00011000
00011000
00011000
01111000
00000000
//
// 0x5E (94)
00010000
00111000
01101100
11000110
00000000
00000000
00000000
00000000
//
// 0x5F (95)
00000000
00000000
00000000
00000000
00000000
00000000
00000000
11111111
//
// 0x60 (96)
00110000
00110000
00011000
00000000
00000000
00000000
00000000
00000000
//
// 0x61 (97)
00000000
00000000
01111000
00001100
01111100
11001100
01110110
00000000
//
// 0x62 (98)
11100000
01100000
01100000
01111100
01100110
01100110
11011100
00000000
//
// 0x63 (99)
00000000
00000000
01111000
11001100
11000000
11001100
01111000
00000000
//
// 0x64 (100)
00011100
00001100
00001100
01111100
11001100
11001100
01110110
00000000
//
// 0x65 (101)
00000000
00000000
01111000
11001100
11111100
11000000
01111000
00000000
//
// 0x66 (102)
00111000
01101100
01100000
11110000
01100000
01100000
11110000
00000000
//
// 0x67 (103)
00000000
00000000
01110110
11001100
11001100
01111100
00001100
11111000
//
// 0x68 (104)
11100000
01100000
01101100
01110110
01100110
01100110
11100110
00000000
//
// 0x69 (105)
00110000
00000000
01110000
00110000
00110000
00110000
01111000
00000000
//
// 0x6A (106)
00001100
00000000
00001100
00001100
00001100
11001100
11001100
01111000
//
// 0x6B (107)
11100000
01100000
01100110
01101100
01111000
01101100
11100110
00000000
//
// 0x6C (108)
01110000
00110000
00110000
00110000
00110000
00110000
01111000
00000000
//
// 0x6D (109)
00000000
00000000
11001100
11111110
11111110
11010110
11000110
00000000
//
// 0x6E (110)
00000000
00000000
11111000
11001100
11001100
11001100
11001100
00000000
//
// 0x6F (111)
00000000
00000000
01111000
11001100
11001100
11001100
01111000
00000000
//
// 0x70 (112)
00000000
00000000
11011100
01100110
01100110
01111100
01100000
11110000
//
// 0x71 (113)
00000000
00000000
01110110
11001100
11001100
01111100
00001100
00011110
//
// 0x72 (114)
00000000
00000000
11011100
01110110
01100110
01100000
11110000
00000000
//
// 0x73 (115)
00000000
00000000
01111100
11000000
01111000
00001100
11111000
00000000
//
// 0x74 (116)
00010000
00110000
01111100
00110000
00110000
00110100
00011000
00000000
//
// 0x75 (117)
00000000
00000000
11001100
11001100
11001100
11001100
01110110
00000000
//
// 0x76 (118)
00000000
00000000
11001100
11001100
11001100
01111000
00110000
00000000
//
// 0x77 (119)
00000000
00000000
11000110
11010110
11111110
11111110
01101100
00000000
//
// 0x78 (120)
00000000
00000000
11000110
01101100
00111000
01101100
11000110
00000000
//
// 0x79 (121)
00000000
00000000
11001100
11001100
11001100
01111100
00001100
11111000
//
// 0x7A (122)
00000000
00000000
11111100
10011000
00110000
01100100
11111100
00000000
//
// 0x7B (123)
00011100
00110000
00110000
11100000
00110000
00110000
00011100
00000000
//
// 0x7C (124)
00011000
00011000
00011000
00000000
00011000
00011000
00011000
00000000
//
// 0x7D (125)
11100000
00110000
00110000
00011100
00110000
00110000
11100000
00000000
//
// 0x7E (126)
01110110
11011100
00000000
00000000
00000000
00000000
00000000
00000000
//
// 0x7F (127)
00000000
00010000
00111000
01101100
11000110
11000110
11111110
00000000
//
// 0x80 (128)
00000000
00110011
00011011
00011110
00111100
00110110
00111011
00000000
//
// 0x81 (129)
00000000
00111110
00000110
00000110
00000110
00000110
00111111
00000000
//
// 0x82 (130)
00000000
00111100
00001100
00001100
00001100
00011110
00110110
00000000
//
// 0x83 (131)
00000000
00111111
00000110
00000110
00000110
00000110
00000110
00000000
//
// 0x84 (132)
00000000
00111111
00000110
00110110
00110110
00110110
00110110
00000000
//
// 0x85 (133)
00000000
00011110
00000110
00000110
00000110
00000110
00000110
00000000
//
// 0x86 (134)
00000000
00111111
00001100
00000110
00000110
00000110
00000110
00000000
//
// 0x87 (135)
00000000
00111111
00011011
00011011
00011011
00011011
00011011
00000000
//
// 0x88 (136)
00000000
00110111
00111111
00111111
00110011
00110011
00111111
00000000
//
// 0x89 (137)
00000000
00011100
00001100
00001100
00000000
00000000
00000000
00000000
//
// 0x8A (138)
00111111
00000011
00000011
00000011
00000011
00000011
00000011
00000011
//
// 0x8B (139)
00000000
00111111
00000011
00000011
00000011
00000011
00111110
00000000
//
// 0x8C (140)
00110000
00110000
00111111
00000011
00000011
00000110
00001100
00011000
//
// 0x8D (141)
00000000
00111111
00011011
00011011
00011011
00011011
00011111
00000000
//
// 0x8E (142)
00000000
00110111
00111111
00011011
00110011
00110011
00111111
00000000
//
// 0x8F (143)
00011100
00001100
00001100
00001100
00001100
00001100
00001100
00001100
//
// 0x90 (144)
00000000
00000111
00000011
00000011
00000011
00000011
00111111
00000000
//
// 0x91 (145)
00000000
00111111
00011011
00011011
00011011
00011110
00011100
00000000
//
// 0x92 (146)
00000000
00111111
00011011
00011011
00011011
00011110
00111100
00000000
//
// 0x93 (147)
00111111
00011011
00011011
00000011
00000011
00000011
00000011
00000011
//
// 0x94 (148)
00000000
00111111
00011011
00011011
00000011
00000011
00111110
00000000
//
// 0x95 (149)
00110110
00011011
00011110
00011100
00011000
00011000
00011000
00011000
//
// 0x96 (150)
00000000
00110110
00011011
00001111
00000110
00000011
00111111
00000000
//
// 0x97 (151)
00111111
00000011
00110011
00110011
00110011
00111110
00110000
00110000
//
// 0x98 (152)
00000000
00111110
00000011
00000011
00000011
00000011
00000011
00000000
//
// 0x99 (153)
00000000
00111111
00111111
00111111
00111111
00110011
00111110
00000000
//
// 0x9A (154)
00000000
00111111
00011011
00011011
00011011
00011011
00111011
00000000
//
// 0x9B (155)
00011000
00011000
01111110
11000000
11000000
01111110
00011000
00011000
//
// 0x9C (156)
00111000
01101100
01100100
11110000
01100000
11100110
11111100
00000000
//
// 0x9D (157)
11001100
11001100
01111000
11111100
00110000
11111100
00110000
00110000
//
// 0x9E (158)
11111000
11001100
11001100
11111010
11000110
11001111
11000110
11000111
//
// 0x9F (159)
00001110
00011011
00011000
00111100
00011000
00011000
11011000
01110000
//
// 0xA0 (160)
00011100
00000000
01111000
00001100
01111100
11001100
01111110
00000000
//
// 0xA1 (161)
00111000
00000000
01110000
00110000
00110000
00110000
01111000
00000000
//
// 0xA2 (162)
00000000
00011100
00000000
01111000
11001100
11001100
01111000
00000000
//
// 0xA3 (163)
00000000
00011100
00000000
11001100
11001100
11001100
01111110
00000000
//
// 0xA4 (164)
00000000
11111000
00000000
11111000
11001100
11001100
11001100
00000000
//
// 0xA5 (165)
11111100
00000000
11001100
11101100
11111100
11011100
11001100
00000000
//
// 0xA6 (166)
00111100
01101100
01101100
00111110
00000000
01111110
00000000
00000000
//
// 0xA7 (167)
00111000
01101100
01101100
00111000
00000000
01111100
00000000
00000000
//
// 0xA8 (168)
00110000
00000000
00110000
01100000
11000000
11001100
01111000
00000000
//
// 0xA9 (169)
00000000
00000000
00000000
11111100
11000000
11000000
00000000
00000000
//
// 0xAA (170)
00000000
00000000
00000000
11111100
00001100
00001100
00000000
00000000
//
// 0xAB (171)
11000011
11000110
11001100
11011110
00110011
01100110
11001100
00001111
//
// 0xAC (172)
11000011
11000110
11001100
11011011
00110111
01101111
11001111
00000011
//
// 0xAD (173)
00011000
00011000
00000000
00011000
00011000
00011000
00011000
00000000
//
// 0xAE (174)
00000000
00110011
01100110
11001100
01100110
00110011
00000000
00000000
//
// 0xAF (175)
00000000
11001100
01100110
00110011
01100110
11001100
00000000
00000000
//
// 0xB0 (176)
00100010
10001000
00100010
10001000
00100010
10001000
00100010
10001000
//
// 0xB1 (177)
01010101
10101010
01010101
10101010
01010101
10101010
01010101
10101010
//
// 0xB2 (178)
11011011
01110111
11011011
11101110
11011011
01110111
11011011
11101110
//
// 0xB3 (179)
00011000
00011000
00011000
00011000
00011000
00011000
00011000
00011000
//
// 0xB4 (180)
00011000
00011000
00011000
00011000
11111000
00011000
00011000
00011000
//
// 0xB5 (181)
00011000
00011000
11111000
00011000
11111000
00011000
00011000
00011000
//
// 0xB6 (182)
00110110
00110110
00110110
00110110
11110110
00110110
00110110
00110110
//
// 0xB7 (183)
00000000
00000000
00000000
00000000
11111110
00110110
00110110
00110110
//
// 0xB8 (184)
00000000
00000000
11111000
00011000
11111000
00011000
00011000
00011000
//
// 0xB9 (185)
00110110
00110110
11110110
00000110
11110110
00110110
00110110
00110110
//
// 0xBA (186)
00110110
00110110
00110110
00110110
00110110
00110110
00110110
00110110
//
// 0xBB (187)
00000000
00000000
11111110
00000110
11110110
00110110
00110110
00110110
//
// 0xBC (188)
00110110
00110110
11110110
00000110
11111110
00000000
00000000
00000000
//
// 0xBD (189)
00110110
00110110
00110110
00110110
11111110
00000000
00000000
00000000
//
// 0xBE (190)
00011000
00011000
11111000
00011000
11111000
00000000
00000000
00000000
//
// 0xBF (191)
00000000
00000000
00000000
00000000
11111000
00011000
00011000
00011000
//
// 0xC0 (192)
00011000
00011000
00011000
00011000
00011111
00000000
00000000
00000000
//
// 0xC1 (193)
00011000
00011000
00011000
00011000
11111111
00000000
00000000
00000000
//
// 0xC2 (194)
00000000
00000000
00000000
00000000
11111111
00011000
00011000
00011000
//
// 0xC3 (195)
00011000
00011000
00011000
00011000
00011111
00011000
00011000
00011000
//
// 0xC4 (196)
00000000
00000000
00000000
00000000
11111111
00000000
00000000
00000000
//
// 0xC5 (197)
00011000
00011000
00011000
00011000
11111111
00011000
00011000
00011000
//
// 0xC6 (198)
00011000
00011000
00011111
00011000
00011111
00011000
00011000
00011000
//
// 0xC7 (199)
00110110
00110110
00110110
00110110
00110111
00110110
00110110
00110110
//
// 0xC8 (200)
00110110
00110110
00110111
00110000
00111111
00000000
00000000
00000000
//
// 0xC9 (201)
00000000
00000000
00111111
00110000
00110111
00110110
00110110
00110110
//
// 0xCA (202)
00110110
00110110
11110111
00000000
11111111
00000000
00000000
00000000
//
// 0xCB (203)
00000000
00000000
11111111
00000000
11110111
00110110
00110110
00110110
//
// 0xCC (204)
00110110
00110110
00110111
00110000
00110111
00110110
00110110
00110110
//
// 0xCD (205)
00000000
00000000
11111111
00000000
11111111
00000000
00000000
00000000
//
// 0xCE (206)
00110110
00110110
11110111
00000000
11110111
00110110
00110110
00110110
//
// 0xCF (207)
00011000
00011000
11111111
00000000
11111111
00000000
00000000
00000000
//
// 0xD0 (208)
00110110
00110110
00110110
00110110
11111111
00000000
00000000
00000000
//
// 0xD1 (209)
00000000
00000000
11111111
00000000
11111111
00011000
00011000
00011000
//
// 0xD2 (210)
00000000
00000000
00000000
00000000
11111111
00110110
00110110
00110110
//
// 0xD3 (211)
00110110
00110110
00110110
00110110
00111111
00000000
00000000
00000000
//
// 0xD4 (212)
00011000
00011000
00011111
00011000
00011111
00000000
00000000
00000000
//
// 0xD5 (213)
00000000
00000000
00011111
00011000
00011111
00011000
00011000
00011000
//
// 0xD6 (214)
00000000
00000000
00000000
00000000
00111111
00110110
00110110
00110110
//
// 0xD7 (215)
00110110
00110110
00110110
00110110
11111111
00110110
00110110
00110110
//
// 0xD8 (216)
00011000
00011000
11111111
00011000
11111111
00011000
00011000
00011000
//
// 0xD9 (217)
00011000
00011000
00011000
00011000
11111000
00000000
00000000
00000000
//
// 0xDA (218)
00000000
00000000
00000000
00000000
00011111
00011000
00011000
00011000
//
// 0xDB (219)
11111111
11111111
11111111
11111111
11111111
11111111
11111111
11111111
//
// 0xDC (220)
00000000
00000000
00000000
00000000
11111111
11111111
11111111
11111111
//
// 0xDD (221)
11110000
11110000
11110000
11110000
11110000
11110000
11110000
11110000
//
// 0xDE (222)
00001111
00001111
00001111
00001111
00001111
00001111
00001111
00001111
//
// 0xDF (223)
11111111
11111111
11111111
11111111
00000000
00000000
00000000
00000000
//
// 0xE0 (224)
00000000
00000000
01110110
11011100
11001000
11011100
01110110
00000000
//
// 0xE1 (225)
00000000
01111000
11001100
11111000
11001100
11111000
11000000
11000000
//
// 0xE2 (226)
00000000
11111100
11001100
11000000
11000000
11000000
11000000
00000000
//
// 0xE3 (227)
00000000
11111110
01101100
01101100
01101100
01101100
01101100
00000000
//
// 0xE4 (228)
11111100
11001100
01100000
00110000
01100000
11001100
11111100
00000000
//
// 0xE5 (229)
00000000
00000000
01111110
11011000
11011000
11011000
01110000
00000000
//
// 0xE6 (230)
00000000
01100110
01100110
01100110
01100110
01111100
01100000
11000000
//
// 0xE7 (231)
00000000
01110110
11011100
00011000
00011000
00011000
00011000
00000000
//
// 0xE8 (232)
11111100
00110000
01111000
11001100
11001100
01111000
00110000
11111100
//
// 0xE9 (233)
00111000
01101100
11000110
11111110
11000110
01101100
00111000
00000000
//
// 0xEA (234)
00111000
01101100
11000110
11000110
01101100
01101100
11101110
00000000
//
// 0xEB (235)
00011100
00110000
00011000
01111100
11001100
11001100
01111000
00000000
//
// 0xEC (236)
00000000
00000000
01111110
11011011
11011011
01111110
00000000
00000000
//
// 0xED (237)
00000110
00001100
01111110
11011011
11011011
01111110
01100000
11000000
//
// 0xEE (238)
00111000
01100000
11000000
11111000
11000000
01100000
00111000
00000000
//
// 0xEF (239)
01111000
11001100
11001100
11001100
11001100
11001100
11001100
00000000
//
// 0xF0 (240)
00000000
11111100
00000000
11111100
00000000
11111100
00000000
00000000
//
// 0xF1 (241)
00110000
00110000
11111100
00110000
00110000
00000000
11111100
00000000
//
// 0xF2 (242)
01100000
00110000
00011000
00110000
01100000
00000000
11111100
00000000
//
// 0xF3 (243)
00011000
00110000
01100000
00110000
00011000
00000000
11111100
00000000
//
// 0xF4 (244)
00001110
00011011
00011011
00011000
00011000
00011000
00011000
00011000
//
// 0xF5 (245)
00011000
00011000
00011000
00011000
00011000
11011000
11011000
01110000
//
// 0xF6 (246)
00110000
00110000
00000000
11111100
00000000
00110000
00110000
00000000
//
// 0xF7 (247)
00000000
01110110
11011100
00000000
01110110
11011100
00000000
00000000
//
// 0xF8 (248)
00111000
01101100
01101100
00111000
00000000
00000000
00000000
00000000
//
// 0xF9 (249)
00000000
00000000
00000000
00011000
00011000
00000000
00000000
00000000
//
// 0xFA (250)
00000000
00000000
00000000
00000000
00011000
00000000
00000000
00000000
//
// 0xFB (251)
00001111
00001100
00001100
00001100
11101100
01101100
00111100
00011100
//
// 0xFC (252)
01111000
01101100
01101100
01101100
01101100
00000000
00000000
00000000
//
// 0xFD (253)
01110000
00011000
00110000
01100000
01111000
00000000
00000000
00000000
//
// 0xFE (254)
00000000
00000000
00111100
00111100
00111100
00111100
00000000
00000000
//
// 0xFF (255)
00000000
00000000
00000000
00000000
00000000
00000000
00000000
00000000
